7.943e-01 4.992e-01 2.238e-01 6.939e+00 3.190e+00 5.136e+00 4.198e-01 1.991e-02 9.555e-01 2.000e+00 1.000e+00 0.000e+00
4.876e-01 7.663e-01 7.244e-02 5.235e+00 4.771e+00 1.492e+00 3.448e-01 8.726e-01 6.769e-03 2.000e+00 0.000e+00 1.000e+00
3.548e-01 2.008e-01 4.621e-01 7.060e+00 4.622e+00 5.295e+00 8.068e-01 9.684e-01 2.108e-01 1.000e+00 0.000e+00 2.000e+00
4.873e-02 8.199e-01 9.346e-01 9.859e+00 5.156e+00 8.851e+00 1.050e-02 5.911e-01 4.811e-01 0.000e+00 1.000e+00 2.000e+00
7.801e-01 1.613e-01 3.441e-01 2.447e+00 1.108e-01 1.250e+00 3.758e-01 7.398e-02 1.232e-01 1.000e+00 2.000e+00 0.000e+00
6.971e-01 5.662e-01 8.790e-01 1.995e+00 8.289e-01 1.544e+00 3.216e-01 3.434e-01 4.711e-01 1.000e+00 0.000e+00 2.000e+00
5.490e-01 6.888e-01 7.929e-01 5.432e+00 8.602e+00 3.410e+00 9.963e-01 8.217e-01 8.660e-01 0.000e+00 1.000e+00 2.000e+00
8.478e-01 4.514e-01 2.613e-01 1.342e+00 5.683e+00 4.361e+00 9.763e-01 6.706e-01 4.871e-01 2.000e+00 1.000e+00 0.000e+00
3.406e-01 1.947e-01 5.987e-01 5.535e+00 2.764e+00 9.551e-01 9.693e-01 2.008e-02 5.406e-01 1.000e+00 0.000e+00 2.000e+00
5.619e-01 7.558e-01 6.230e-01 5.421e+00 6.199e+00 1.881e-01 1.452e-01 7.703e-02 9.914e-01 0.000e+00 2.000e+00 1.000e+00
8.363e-01 4.487e-01 8.540e-03 3.941e+00 5.111e+00 1.335e+00 1.710e-01 6.867e-01 4.167e-01 2.000e+00 1.000e+00 0.000e+00
2.788e-02 2.164e-01 1.198e-01 9.320e+00 6.835e+00 3.212e+00 3.204e-01 7.653e-01 2.703e-01 0.000e+00 2.000e+00 1.000e+00
5.023e-01 3.814e-01 9.183e-01 1.880e+00 6.310e-01 3.535e+00 9.145e-01 4.107e-01 6.599e-01 1.000e+00 0.000e+00 2.000e+00
7.547e-01 2.831e-01 8.939e-01 9.423e+00 8.052e+00 9.986e+00 1.152e-01 8.459e-01 5.496e-01 1.000e+00 0.000e+00 2.000e+00
5.180e-01 6.319e-01 4.827e-01 1.018e+00 3.539e+00 9.149e-02 3.635e-01 2.126e-01 1.998e-01 2.000e+00 0.000e+00 1.000e+00
6.158e-01 6.118e-01 9.770e-01 2.805e+00 5.422e+00 1.614e-01 8.204e-02 8.344e-01 7.875e-01 1.000e+00 0.000e+00 2.000e+00
5.999e-01 8.658e-01 8.439e-01 8.125e+00 2.140e+00 4.065e+00 6.604e-01 9.126e-01 2.531e-01 0.000e+00 2.000e+00 1.000e+00
2.829e-01 8.695e-01 4.990e-01 6.206e+00 5.723e+00 3.584e+00 2.777e-01 4.637e-01 8.206e-01 0.000e+00 2.000e+00 1.000e+00
8.457e-01 1.690e-01 6.314e-02 4.135e+00 4.127e+00 4.052e+00 1.435e-01 7.369e-02 4.445e-01 2.000e+00 1.000e+00 0.000e+00
7.134e-01 8.564e-01 7.172e-01 5.580e+00 5.296e+00 4.284e+00 6.806e-01 3.498e-01 5.487e-01 0.000e+00 2.000e+00 1.000e+00
2.189e-01 5.876e-01 4.980e-01 5.025e+00 7.496e+00 4.998e+00 7.558e-01 8.411e-01 5.051e-01 0.000e+00 2.000e+00 1.000e+00
5.498e-01 8.713e-01 1.300e-01 7.959e+00 1.126e+00 1.696e+00 4.850e-01 6.853e-01 1.996e-01 2.000e+00 0.000e+00 1.000e+00
5.368e-01 4.145e-01 4.452e-01 8.940e+00 5.196e+00 4.527e+00 5.781e-01 4.013e-01 6.412e-01 1.000e+00 2.000e+00 0.000e+00
3.739e-01 3.529e-01 3.014e-01 9.415e+00 4.391e+00 2.800e+00 3.406e-03 3.632e-01 8.194e-01 2.000e+00 1.000e+00 0.000e+00
6.957e-01 1.070e-01 8.639e-01 3.220e+00 2.540e+00 8.512e+00 8.028e-01 5.332e-01 5.620e-01 1.000e+00 0.000e+00 2.000e+00
9.529e-01 6.667e-01 6.216e-02 8.880e+00 3.205e+00 7.357e+00 9.509e-01 4.507e-01 4.207e-02 2.000e+00 1.000e+00 0.000e+00
6.366e-01 7.275e-01 2.445e-01 9.101e+00 6.922e+00 3.225e+00 1.517e-01 2.939e-01 1.760e-02 2.000e+00 0.000e+00 1.000e+00
8.618e-01 3.973e-01 7.705e-01 8.050e+00 5.856e+00 8.994e+00 8.632e-02 9.170e-01 4.431e-01 1.000e+00 2.000e+00 0.000e+00
9.242e-01 6.417e-01 4.607e-01 3.122e+00 5.355e+00 9.872e+00 6.316e-01 1.364e-02 2.449e-01 2.000e+00 1.000e+00 0.000e+00
2.099e-01 4.355e-01 7.733e-01 7.047e-01 2.931e+00 5.134e+00 7.410e-01 4.744e-01 7.208e-01 0.000e+00 1.000e+00 2.000e+00
2.945e-01 8.168e-01 2.489e-01 3.697e+00 3.165e-01 8.831e-01 1.067e-01 4.318e-01 8.170e-01 2.000e+00 0.000e+00 1.000e+00
7.444e-01 6.027e-01 7.451e-01 3.443e+00 6.063e+00 1.634e+00 8.105e-01 4.964e-02 9.372e-01 1.000e+00 0.000e+00 2.000e+00
8.731e-01 9.926e-01 7.557e-01 6.975e+00 3.942e+00 4.680e+00 6.840e-01 5.441e-02 2.224e-01 2.000e+00 0.000e+00 1.000e+00
4.855e-01 4.798e-01 9.662e-01 4.972e+00 1.654e+00 3.352e+00 6.569e-01 9.499e-01 1.971e-01 1.000e+00 0.000e+00 2.000e+00
1.831e-01 2.041e-01 2.183e-01 8.259e+00 3.288e-01 1.097e+00 1.847e-01 4.507e-01 5.662e-01 0.000e+00 1.000e+00 2.000e+00
4.146e-01 7.010e-01 8.446e-02 3.882e+00 2.469e+00 2.197e+00 8.353e-01 9.824e-01 4.182e-02 2.000e+00 0.000e+00 1.000e+00
4.527e-01 6.169e-01 7.631e-01 6.993e+00 4.034e+00 8.936e+00 2.470e-01 7.198e-01 3.874e-01 0.000e+00 1.000e+00 2.000e+00
9.140e-01 4.795e-01 8.414e-02 2.256e+00 6.916e+00 1.512e-01 3.898e-01 7.959e-01 6.737e-01 2.000e+00 1.000e+00 0.000e+00
7.774e-01 5.963e-01 1.611e-01 1.576e-02 1.144e+00 7.018e+00 1.470e-01 3.810e-01 7.820e-01 2.000e+00 1.000e+00 0.000e+00
5.226e-01 1.789e-01 9.334e-02 4.120e+00 9.349e+00 5.148e+00 9.059e-01 7.357e-01 5.730e-01 2.000e+00 1.000e+00 0.000e+00
4.057e-01 4.712e-01 3.901e-01 6.814e+00 6.086e+00 6.617e+00 6.926e-01 7.192e-01 5.103e-01 2.000e+00 0.000e+00 1.000e+00
4.293e-01 1.318e-01 8.103e-01 5.740e+00 7.735e+00 9.174e+00 4.854e-01 5.925e-01 2.033e-01 1.000e+00 0.000e+00 2.000e+00
9.853e-01 8.004e-01 7.154e-02 6.358e-01 1.825e+00 4.940e+00 4.355e-01 8.231e-01 7.403e-01 2.000e+00 1.000e+00 0.000e+00
3.828e-01 5.346e-01 1.582e-01 7.059e+00 7.490e+00 9.949e+00 7.515e-01 9.383e-01 4.085e-01 2.000e+00 0.000e+00 1.000e+00
8.827e-01 3.482e-01 2.562e-01 2.913e-01 4.456e+00 2.976e+00 9.645e-02 1.983e-02 9.984e-01 2.000e+00 1.000e+00 0.000e+00
2.960e-02 8.233e-01 6.990e-01 7.775e+00 3.956e+00 4.206e+00 1.883e-01 3.990e-01 3.803e-01 0.000e+00 2.000e+00 1.000e+00
4.095e-01 1.815e-01 9.906e-01 2.252e+00 1.053e+00 2.691e+00 7.199e-01 9.553e-01 1.447e-01 1.000e+00 0.000e+00 2.000e+00
3.312e-01 7.706e-01 4.084e-01 4.407e+00 7.424e+00 7.459e-01 2.643e-01 6.824e-02 1.667e-01 0.000e+00 2.000e+00 1.000e+00
6.432e-01 7.500e-01 2.938e-01 9.555e+00 5.416e+00 3.648e+00 2.991e-01 1.167e-01 4.986e-01 2.000e+00 0.000e+00 1.000e+00
6.688e-01 9.908e-01 4.533e-01 4.438e+00 3.005e+00 1.032e+00 6.125e-01 9.317e-01 1.623e-01 2.000e+00 0.000e+00 1.000e+00
2.488e-01 5.569e-01 7.719e-01 6.316e-01 6.081e+00 7.610e+00 3.843e-01 2.287e-01 4.352e-01 0.000e+00 1.000e+00 2.000e+00
5.297e-01 5.078e-01 4.302e-01 4.170e+00 5.361e+00 3.461e+00 5.515e-01 7.994e-01 6.739e-01 2.000e+00 1.000e+00 0.000e+00
1.707e-01 9.899e-02 6.898e-01 9.093e-01 9.741e+00 5.827e-01 8.611e-01 2.761e-01 9.434e-01 1.000e+00 0.000e+00 2.000e+00
7.714e-01 7.089e-02 9.363e-01 3.503e+00 9.365e+00 5.571e+00 5.622e-01 9.316e-01 8.209e-01 1.000e+00 0.000e+00 2.000e+00
6.652e-02 4.306e-01 2.811e-01 6.726e+00 2.326e+00 7.062e-01 2.462e-01 1.591e-01 7.240e-01 0.000e+00 2.000e+00 1.000e+00
1.236e-01 9.555e-01 8.931e-01 8.978e+00 8.351e+00 2.301e+00 9.335e-01 2.093e-01 9.685e-01 0.000e+00 2.000e+00 1.000e+00
2.533e-02 8.259e-02 4.099e-01 3.907e+00 1.617e+00 6.863e+00 7.664e-01 9.505e-01 3.189e-01 0.000e+00 1.000e+00 2.000e+00
5.921e-01 1.853e-01 8.123e-01 3.307e-01 2.964e+00 9.376e+00 3.531e-01 8.404e-01 2.331e-01 1.000e+00 0.000e+00 2.000e+00
4.312e-01 3.179e-01 6.927e-01 8.195e+00 3.596e+00 4.938e+00 9.523e-01 9.700e-01 1.210e-01 1.000e+00 0.000e+00 2.000e+00
9.071e-01 6.770e-01 3.395e-02 5.518e+00 5.721e+00 7.631e+00 3.420e-02 5.337e-01 2.926e-01 2.000e+00 1.000e+00 0.000e+00
8.527e-02 6.331e-01 7.977e-01 6.335e+00 6.627e+00 8.427e+00 2.965e-01 6.560e-01 5.601e-01 0.000e+00 1.000e+00 2.000e+00
6.316e-01 4.408e-01 5.599e-01 1.253e-01 7.381e-01 7.035e+00 7.659e-01 9.573e-02 3.981e-01 1.000e+00 2.000e+00 0.000e+00
5.204e-01 4.550e-01 9.757e-01 2.175e+00 9.585e+00 1.346e+00 4.058e-01 1.950e-03 8.559e-01 1.000e+00 0.000e+00 2.000e+00
5.259e-01 3.899e-01 2.991e-01 2.329e+00 8.628e+00 3.142e+00 3.971e-01 4.128e-01 5.431e-01 2.000e+00 1.000e+00 0.000e+00
9.266e-01 5.788e-01 5.185e-01 8.985e+00 1.158e+00 4.429e+00 5.330e-01 3.006e-01 1.826e-01 2.000e+00 1.000e+00 0.000e+00
5.448e-01 8.597e-01 4.462e-01 6.321e+00 8.577e+00 9.463e+00 3.096e-01 5.521e-01 4.761e-01 2.000e+00 0.000e+00 1.000e+00
5.113e-01 7.903e-01 8.086e-01 7.812e+00 1.131e+00 5.006e+00 3.136e-01 4.310e-01 8.450e-02 0.000e+00 1.000e+00 2.000e+00
1.636e-01 3.715e-01 7.596e-01 9.041e+00 2.064e-01 3.693e+00 3.155e-01 6.979e-01 5.832e-01 0.000e+00 1.000e+00 2.000e+00
2.190e-01 5.350e-01 9.284e-01 7.280e-01 8.441e+00 7.272e+00 8.350e-01 7.824e-01 5.898e-01 0.000e+00 1.000e+00 2.000e+00
9.444e-01 7.964e-01 4.642e-01 6.151e+00 1.382e-01 7.070e+00 6.070e-01 3.005e-01 9.172e-01 2.000e+00 1.000e+00 0.000e+00
3.492e-01 1.013e-01 9.276e-01 1.791e+00 3.176e+00 5.211e+00 7.351e-02 5.848e-02 3.411e-01 1.000e+00 0.000e+00 2.000e+00
3.321e-01 7.877e-01 4.730e-01 2.138e+00 2.777e+00 7.842e+00 6.879e-01 6.082e-01 1.302e-01 0.000e+00 2.000e+00 1.000e+00
6.744e-01 8.059e-01 2.904e-01 1.993e+00 8.661e+00 7.718e+00 2.404e-01 8.326e-01 3.587e-01 2.000e+00 0.000e+00 1.000e+00
5.662e-01 6.910e-01 7.647e-01 9.027e+00 7.397e-01 4.916e+00 2.503e-01 5.620e-01 8.975e-01 0.000e+00 1.000e+00 2.000e+00
4.235e-01 9.957e-01 2.539e-01 2.393e+00 9.977e+00 9.529e+00 3.182e-01 2.774e-01 3.848e-02 2.000e+00 0.000e+00 1.000e+00
8.776e-02 6.644e-01 7.798e-01 4.836e+00 6.231e+00 2.517e+00 4.087e-01 4.958e-01 3.861e-01 0.000e+00 1.000e+00 2.000e+00
7.577e-01 8.944e-01 1.837e-02 8.244e+00 8.431e+00 4.500e+00 4.402e-01 3.983e-01 9.775e-01 2.000e+00 0.000e+00 1.000e+00
3.957e-01 8.084e-01 7.342e-01 4.195e+00 4.021e+00 8.530e+00 2.923e-01 5.686e-01 6.175e-01 0.000e+00 2.000e+00 1.000e+00
6.818e-01 4.625e-01 8.387e-01 5.530e+00 4.273e-01 3.010e-01 4.405e-01 3.991e-01 5.134e-01 1.000e+00 0.000e+00 2.000e+00
3.409e-01 4.097e-01 4.434e-01 2.848e+00 7.438e+00 8.482e+00 9.589e-01 5.708e-01 4.000e-01 0.000e+00 1.000e+00 2.000e+00
2.119e-01 5.638e-01 6.612e-01 9.517e+00 7.105e+00 4.271e+00 4.142e-01 9.261e-02 5.326e-01 0.000e+00 1.000e+00 2.000e+00
3.432e-01 5.748e-01 6.425e-01 5.456e+00 8.447e+00 1.958e+00 9.866e-01 4.510e-01 3.878e-01 0.000e+00 1.000e+00 2.000e+00
5.220e-01 5.883e-01 3.862e-01 7.887e+00 1.293e+00 6.325e-01 5.476e-01 8.712e-01 7.156e-01 2.000e+00 0.000e+00 1.000e+00
1.858e-01 4.903e-01 6.323e-01 1.080e+00 3.283e+00 3.056e+00 7.575e-01 5.755e-01 4.487e-01 0.000e+00 1.000e+00 2.000e+00
4.383e-01 5.401e-01 5.462e-01 5.363e+00 4.874e+00 7.270e-01 5.092e-01 2.681e-02 3.963e-01 0.000e+00 1.000e+00 2.000e+00
8.256e-01 8.473e-01 6.144e-01 1.846e+00 8.718e+00 2.026e+00 8.618e-01 8.946e-01 4.390e-02 2.000e+00 0.000e+00 1.000e+00
5.816e-01 8.586e-01 8.397e-02 9.952e+00 2.916e-01 6.287e+00 4.984e-01 5.693e-01 3.866e-01 2.000e+00 0.000e+00 1.000e+00
7.678e-01 5.413e-01 3.482e-01 1.776e+00 3.740e+00 8.411e+00 5.477e-01 9.951e-01 3.422e-01 2.000e+00 1.000e+00 0.000e+00
7.059e-01 9.451e-01 1.420e-01 4.686e+00 6.523e+00 5.638e+00 8.003e-02 3.261e-01 5.969e-01 2.000e+00 0.000e+00 1.000e+00
8.339e-01 8.983e-02 1.188e-01 7.623e+00 4.940e+00 3.723e+00 3.414e-01 4.491e-01 4.724e-01 1.000e+00 2.000e+00 0.000e+00
1.039e-01 5.761e-01 7.729e-02 8.602e+00 3.608e-01 7.398e+00 3.888e-01 3.514e-01 3.281e-01 2.000e+00 0.000e+00 1.000e+00
2.449e-01 5.419e-01 8.735e-01 8.997e+00 2.934e-01 4.368e+00 6.128e-01 4.168e-02 7.459e-01 0.000e+00 1.000e+00 2.000e+00
6.551e-01 8.741e-01 4.190e-01 4.463e+00 1.027e+00 8.960e+00 3.323e-01 2.763e-01 9.334e-01 2.000e+00 0.000e+00 1.000e+00
4.934e-01 2.525e-01 9.937e-01 6.097e+00 5.668e+00 3.840e+00 8.995e-01 8.261e-01 1.497e-01 1.000e+00 0.000e+00 2.000e+00
6.464e-01 3.202e-01 1.902e-02 7.324e+00 7.181e+00 6.980e+00 4.039e-01 6.002e-01 1.100e-03 2.000e+00 1.000e+00 0.000e+00
2.293e-01 8.702e-01 1.545e-01 3.814e+00 9.880e+00 4.195e+00 5.890e-01 8.007e-01 2.792e-02 2.000e+00 0.000e+00 1.000e+00
3.394e-01 4.579e-01 9.187e-02 8.926e+00 2.387e+00 1.546e-01 4.196e-01 6.541e-01 3.635e-01 2.000e+00 0.000e+00 1.000e+00
3.306e-01 8.616e-01 2.431e-01 7.530e+00 7.799e-02 3.631e+00 3.318e-01 3.538e-01 7.841e-01 2.000e+00 0.000e+00 1.000e+00
4.949e-01 9.372e-01 3.151e-01 3.057e+00 6.266e+00 9.347e+00 1.452e-01 9.416e-01 7.954e-01 2.000e+00 0.000e+00 1.000e+00
2.289e-01 4.839e-02 9.535e-03 2.189e+00 3.962e+00 6.348e+00 5.490e-01 9.945e-01 4.859e-01 2.000e+00 1.000e+00 0.000e+00
